8,3.0,0,1,2,0.72,0.74,0.41,1.0,1.0,1.0
9,3.0,0,1,2,0.76,0.03,0.09,1.0,1.0,1.0
10,4.0,0,1,2,3,0.84,0.83,0.89,0.26,1.0,1.0,1.0,1.0
11,3.0,0,1,2,0.51,0.96,0.23,1.0,1.0,1.0
12,3.0,0,1,2,0.23,0.69,0.66,1.0,1.0,1.0
13,3.0,0,1,2,0.12,0.17,0.81,1.0,1.0,1.0
14,4.0,0,1,2,3,0.57,0.72,0.24,0.25,1.0,1.0,1.0,1.0
15,3.0,0,1,2,0.1,0.13,0.49,1.0,1.0,1.0
16,4.0,0,1,2,3,0.61,0.28,0.85,0.75,1.0,1.0,1.0,1.0
17,3.0,0,1,2,0.27,0.05,0.03,1.0,1.0,1.0
18,3.0,0,1,2,0.36,0.88,0.34,1.0,1.0,1.0
19,3.0,0,1,2,0.88,0.51,0.62,1.0,1.0,1.0
20,3.0,0,1,2,0.55,0.57,0.75,1.0,1.0,1.0
21,3.0,0,1,2,0.81,0.49,0.31,1.0,1.0,1.0
22,3.0,0,1,2,0.83,0.92,0.11,1.0,1.0,1.0
23,3.0,0,1,2,0.77,0.79,0.7,1.0,1.0,1.0
24,4.0,0,1,2,3,0.91,0.33,0.69,0.77,1.0,1.0,1.0,1.0
25,4.0,0,1,2,3,0.48,0.59,0.34,0.22,1.0,1.0,1.0,1.0
26,4.0,0,1,2,3,0.78,0.21,0.61,0.83,1.0,1.0,1.0,1.0
27,3.0,0,1,2,0.23,0.67,0.13,1.0,1.0,1.0
28,4.0,0,1,2,3,0.8,0.22,0.77,0.92,1.0,1.0,1.0,1.0
29,4.0,0,1,2,3,0.94,0.09,0.12,0.82,1.0,1.0,1.0,1.0
30,3.0,0,1,2,0.55,0.21,0.17,1.0,1.0,1.0
31,3.0,0,1,2,0.0,0.21,0.55,1.0,1.0,1.0
32,4.0,0,1,2,3,0.65,0.83,0.03,0.19,1.0,1.0,1.0,1.0
33,3.0,0,1,2,0.82,0.61,0.45,1.0,1.0,1.0
34,4.0,0,1,2,3,0.39,0.01,0.5,0.06,1.0,1.0,1.0,1.0
35,4.0,0,1,2,3,0.22,0.93,0.15,0.74,1.0,1.0,1.0,1.0
36,1.0,2,0.31,1.0
37,1.0,2,0.34,1.0
38,1.0,2,0.79,1.0
39,2.0,2,3,0.09,0.3,1.0,1.0
40,1.0,2,0.92,1.0
41,1.0,2,0.0,1.0
42,1.0,2,0.04,1.0
43,1.0,2,0.44,1.0
44,2.0,2,3,0.11,0.93,1.0,1.0
45,2.0,2,3,0.32,0.17,1.0,1.0
46,1.0,2,0.22,1.0
47,1.0,2,0.68,1.0
48,1.0,2,0.52,1.0
49,1.0,2,0.56,1.0
50,1.0,2,0.62,1.0
51,1.0,3,0.13,1.0
52,1.0,3,0.9,1.0
53,1.0,3,0.46,1.0
54,1.0,4,0.99,1.0
55,1.0,5,0.22,1.0
56,1.0,6,0.59,1.0
57,1.0,7,0.28,1.0